  *******************************************
  *                                         *
  *        W E L C O M E  to  R O O T       *
  *                                         *
  *   Version   5.34/30     23 April 2015   *
  *                                         *
  *  You are welcome to visit our Web site  *
  *          http://root.cern.ch            *
  *                                         *
  *******************************************

ROOT 5.34/30 (v5-34-30@v5-34-30, Apr 23 2015, 18:31:46 on linux)

CINT/ROOT C/C++ Interpreter version 5.18.00, July 2, 2010
Type ? for help. Commands must be C++ statements.
Enclose multiple statements between { }.
*** Float Point Exception is OFF ***
 *** Start at Date : Wed Oct  4 11:30:47 2017
QAInfo:You are using STAR_LEVEL : pro, ROOT_LEVEL : 5.34.30 and node : rcas6009.rcf.bnl.gov 

Processing DecompSVD.C...
x: 

10x1 matrix is as follows

     |      0    |
------------------
   0 |  0.0001241 
   1 |  0.0001836 
   2 |  0.0006018 
   3 |   0.001077 
   4 |   0.001096 
   5 |   0.000833 
   6 |   0.000466 
   7 |   0.000205 
   8 |    7.5e-05 
   9 |  2.878e-05 

response: 

10x10 matrix is as follows

     |       0    |       1    |       2    |       3    |       4    |
----------------------------------------------------------------------
   0 |  9.479e-05   0.0001254   0.0003648   0.0003886   0.0001815 
   1 |  2.116e-05   4.552e-05   0.0001771   0.0004385   0.0003114 
   2 |  6.796e-06   1.121e-05   4.751e-05   0.0002022   0.0003644 
   3 |  1.115e-06   9.332e-07   1.097e-05   4.409e-05   0.0001981 
   4 |  1.854e-07   3.859e-07   1.251e-06   3.715e-06   3.673e-05 
   5 |  1.906e-08   2.385e-07   8.901e-08   3.515e-07   4.029e-06 
   6 |  1.082e-09   6.232e-09   1.949e-08   3.942e-08   1.548e-07 
   7 |  3.964e-11   1.181e-10   3.726e-09   1.815e-09   3.156e-08 
   8 |          0   3.964e-11           0           0   1.741e-08 
   9 |          0           0           0           0           0 


     |       5    |       6    |       7    |       8    |       9    |
----------------------------------------------------------------------
   0 |  6.359e-05   1.419e-05   3.225e-06   7.472e-07    1.65e-07 
   1 |  0.0001181   3.255e-05   6.751e-06    1.62e-06     4.5e-07 
   2 |   0.000205   6.507e-05   1.524e-05   3.283e-06     7.7e-07 
   3 |  0.0002679   0.0001094   2.865e-05    6.34e-06   1.505e-06 
   4 |  0.0001487   0.0001365    4.29e-05   9.478e-06   2.204e-06 
   5 |  2.791e-05   8.845e-05   5.535e-05   1.445e-05    3.49e-06 
   6 |  1.664e-06   1.865e-05   4.238e-05   1.919e-05   4.892e-06 
   7 |      5e-08   1.098e-06   9.885e-06   1.548e-05   6.208e-06 
   8 |  4.654e-09   6.734e-08   5.476e-07   4.077e-06   6.161e-06 
   9 |          0   1.736e-09   7.599e-08   3.231e-07    2.94e-06 

Covariance Matrix

10x10 matrix is as follows

     |       0    |       1    |       2    |       3    |       4    |
----------------------------------------------------------------------
   0 |  8.574e+06   6.473e+04   6.197e+04   5.086e+04   3.273e+04 
   1 |  6.473e+04   7.664e+06   7.361e+04   6.421e+04   4.276e+04 
   2 |  6.197e+04   7.361e+04   6.225e+06   7.569e+04   5.319e+04 
   3 |  5.086e+04   6.421e+04   7.569e+04   4.372e+06    5.78e+04 
   4 |  3.273e+04   4.276e+04   5.319e+04    5.78e+04   2.521e+06 
   5 |  1.744e+04   2.413e+04   3.173e+04   3.646e+04   3.256e+04 
   6 |       8077   1.162e+04   1.588e+04   1.961e+04   1.856e+04 
   7 |       2983        4302        6140        8138        7950 
   8 |        960        1385        2064        2693        2661 
   9 |        290         374         558         796         763 


     |       5    |       6    |       7    |       8    |       9    |
----------------------------------------------------------------------
   0 |  1.744e+04        8077        2983         960         290 
   1 |  2.413e+04   1.162e+04        4302        1385         374 
   2 |  3.173e+04   1.588e+04        6140        2064         558 
   3 |  3.646e+04   1.961e+04        8138        2693         796 
   4 |  3.256e+04   1.856e+04        7950        2661         763 
   5 |  1.278e+06   1.584e+04        7479        2777         892 
   6 |  1.584e+04   5.875e+05        6135        2626         801 
   7 |       7479        6135   2.269e+05        1911         718 
   8 |       2777        2626        1911   7.922e+04         530 
   9 |        892         801         718         530   2.489e+04 

response with covariance: 

10x10 matrix is as follows

     |       0    |       1    |       2    |       3    |       4    |
----------------------------------------------------------------------
   0 | -3.286e-08  -4.392e-08  -1.291e-07  -1.455e-07  -7.427e-08 
   1 | -5.147e-09  -1.315e-08  -5.466e-08   -1.51e-07   -1.15e-07 
   2 |  1.307e-09   2.244e-09   1.168e-08   6.834e-08   1.406e-07 
   3 |  3.079e-10   8.637e-10  -7.372e-10   -1.11e-08  -8.425e-08 
   4 | -3.662e-10  -4.873e-10  -1.855e-09   -3.64e-09   1.408e-08 
   5 |  2.784e-10   2.425e-10    1.54e-09    3.35e-09   2.446e-09 
   6 | -1.783e-10  -2.744e-10  -9.656e-10  -2.214e-09   -3.58e-09 
   7 |  9.877e-11   1.547e-10   5.398e-10   1.259e-09   2.086e-09 
   8 | -5.114e-11  -8.009e-11   -2.84e-10  -6.592e-10  -1.069e-09 
   9 | -2.551e-11  -3.954e-11  -1.384e-10   -3.13e-10  -5.446e-10 


     |       5    |       6    |       7    |       8    |       9    |
----------------------------------------------------------------------
   0 | -2.827e-08  -7.203e-09   -1.72e-09  -4.028e-10  -9.371e-11 
   1 | -4.678e-08  -1.381e-08  -3.054e-09  -7.312e-10  -1.984e-10 
   2 |  8.393e-08   2.792e-08   6.806e-09    1.49e-09   3.509e-10 
   3 | -1.248e-07  -5.309e-08  -1.434e-08  -3.223e-09  -7.693e-10 
   4 |  8.631e-08   8.452e-08   2.741e-08    6.18e-09    1.45e-09 
   5 | -1.713e-08  -7.393e-08  -4.846e-08  -1.295e-08  -3.162e-09 
   6 | -3.035e-09    1.92e-08   5.315e-08   2.481e-08    6.42e-09 
   7 |  2.872e-09   1.061e-09  -1.809e-08  -3.166e-08  -1.298e-08 
   8 |  -1.54e-09  -1.567e-09   1.297e-10   1.331e-08   2.159e-08 
   9 | -7.681e-10   -9.02e-10  -4.468e-10   1.229e-09   1.807e-08 

b with covariance:

10x1 matrix is as follows

     |      0    |
------------------
   0 |      -3176 
   1 |      -2647 
   2 |       2294 
   3 |      -1861 
   4 |       1380 
   5 |     -950.8 
   6 |      620.4 
   7 |       -376 
   8 |      219.1 
   9 |      122.1 

matrix C

10x10 matrix is as follows

     |       0    |       1    |       2    |       3    |       4    |
----------------------------------------------------------------------
   0 |         -1           1           0           0           0 
   1 |          1          -2           1           0           0 
   2 |          0           1          -2           1           0 
   3 |          0           0           1          -2           1 
   4 |          0           0           0           1          -2 
   5 |          0           0           0           0           1 
   6 |          0           0           0           0           0 
   7 |          0           0           0           0           0 
   8 |          0           0           0           0           0 
   9 |          0           0           0           0           0 


     |       5    |       6    |       7    |       8    |       9    |
----------------------------------------------------------------------
   0 |          0           0           0           0           0 
   1 |          0           0           0           0           0 
   2 |          0           0           0           0           0 
   3 |          0           0           0           0           0 
   4 |          1           0           0           0           0 
   5 |         -2           1           0           0           0 
   6 |          1          -2           1           0           0 
   7 |          0           1          -2           1           0 
   8 |          0           0           1          -2           1 
   9 |          0           0           0           1          -1 

singular value 0: 3.9021
singular value 1: 3.61802
singular value 2: 3.17556
singular value 3: 2.61802
singular value 4: 1.99999
singular value 5: 1.38196
singular value 6: 0.824419
singular value 7: 0.381956
singular value 8: 0.097877
singular value 9: 1e-05
Inverse SVD

10x10 matrix is as follows

     |       0    |       1    |       2    |       3    |       4    |
----------------------------------------------------------------------
   0 |       9997        9998        9999       1e+04       1e+04 
   1 |       9998        9998        9999        9999       1e+04 
   2 |       9999        9999        9999        9999       1e+04 
   3 |      1e+04        9999        9999        9999       1e+04 
   4 |      1e+04       1e+04       1e+04       1e+04        9999 
   5 |      1e+04       1e+04       1e+04       1e+04       1e+04 
   6 |      1e+04       1e+04       1e+04       1e+04       1e+04 
   7 |      1e+04       1e+04       1e+04       1e+04       1e+04 
   8 |      1e+04       1e+04       1e+04       1e+04       1e+04 
   9 |      1e+04       1e+04       1e+04       1e+04       1e+04 


     |       5    |       6    |       7    |       8    |       9    |
----------------------------------------------------------------------
   0 |      1e+04       1e+04       1e+04       1e+04       1e+04 
   1 |      1e+04       1e+04       1e+04       1e+04       1e+04 
   2 |      1e+04       1e+04       1e+04       1e+04       1e+04 
   3 |      1e+04       1e+04       1e+04       1e+04       1e+04 
   4 |      1e+04       1e+04       1e+04       1e+04       1e+04 
   5 |       9999       1e+04       1e+04       1e+04       1e+04 
   6 |      1e+04        9999        9999        9999       1e+04 
   7 |      1e+04        9999        9999        9999        9999 
   8 |      1e+04        9999        9999        9998        9998 
   9 |      1e+04       1e+04        9999        9998        9997 

singular values: 

Vector (10) all is as follows

     |        1  |
------------------
   0 |0.0257184 
   1 |1.27147e-06 
   2 |2.39439e-07 
   3 |8.05158e-08 
   4 |3.36185e-08 
   5 |1.5314e-08 
   6 |7.75322e-09 
   7 |3.56479e-09 
   8 |6.64577e-10 
   9 |2.07341e-12 

d-vector: 

10x1 matrix is as follows

     |      0    |
------------------
   0 |       5403 
   1 |      92.69 
   2 |     -77.83 
   3 |      -5.86 
   4 |     -34.05 
   5 |      25.89 
   6 |     -37.04 
   7 |      14.27 
   8 |      34.31 
   9 |       -2.2 

dTau-vector: 

10x1 matrix is as follows

     |      0    |
------------------
   0 |       5403 
   1 |      92.63 
   2 |     -76.32 
   3 |     -4.991 
   4 |     -17.04 
   5 |      4.452 
   6 |     -1.872 
   7 |     0.1589 
   8 |    0.01342 
   9 | -8.376e-09 

z-vector: 

10x1 matrix is as follows

     |      0    |
------------------
   0 |  2.101e+05 
   1 |  7.285e+07 
   2 | -3.188e+08 
   3 | -6.198e+07 
   4 | -5.068e+08 
   5 |  2.907e+08 
   6 | -2.415e+08 
   7 |  4.457e+07 
   8 |  2.019e+07 
   9 |      -4040 

C-1V:

10x10 matrix is as follows

     |       0    |       1    |       2    |       3    |       4    |
----------------------------------------------------------------------
   0 |  3.162e+04        3.68      -1.393      0.8802     -0.5879 
   1 |  3.162e+04       3.273        -1.1      0.6051     -0.3419 
   2 |  3.162e+04       2.473     -0.5693      0.1573    0.007586 
   3 |  3.162e+04       1.319     0.07624     -0.2593      0.2244 
   4 |  3.162e+04    -0.09058      0.5359     -0.2422    -0.03399 
   5 |  3.162e+04      -1.572      0.4838      0.1667     -0.1923 
   6 |  3.162e+04       -2.93    -0.08493      0.3433      0.1347 
   7 |  3.162e+04      -4.022     -0.8645   -0.002734      0.2379 
   8 |  3.162e+04      -4.773       -1.53     -0.5644     -0.1408 
   9 |  3.162e+04      -5.152      -1.896     -0.9466     -0.5376 


     |       5    |       6    |       7    |       8    |       9    |
----------------------------------------------------------------------
   0 |     0.4166     -0.2978      0.1179      0.5474     -0.2058 
   1 |     0.1967     -0.1133     0.03485      0.1144      0.2795 
   2 |   -0.06972     0.08351    -0.04586     -0.2599    -0.03726 
   3 |    -0.1426     0.06474   -0.002999     0.08831   -0.006889 
   4 |     0.1473     -0.1224     0.02585    -0.03927    0.004179 
   5 |   -0.03291      0.1383    -0.04754     0.02605  -0.0001508 
   6 |    -0.1296      -0.118     0.08397    -0.01841   -0.001107 
   7 |     0.1824     0.02607     -0.1422      0.0146   0.0005886 
   8 |    0.07489      0.1413        0.19    -0.01071  -0.0003074 
   9 |     -0.298     -0.1585     -0.1079     0.00395   8.506e-05 


10x1 matrix is as follows

     |      0    |
------------------
   0 |  7.809e+09 
   1 |  7.457e+09 
   2 |  6.944e+09 
   3 |  6.563e+09 
   4 |  6.571e+09 
   5 |  6.418e+09 
   6 |  6.362e+09 
   7 |  6.547e+09 
   8 |  6.886e+09 
   9 |  7.151e+09 

SVD reco: 

10x1 matrix is as follows

     |      0    |
------------------
   0 |  9.688e+05 
   1 |  1.369e+06 
   2 |  4.179e+06 
   3 |  7.071e+06 
   4 |  7.204e+06 
   5 |  5.346e+06 
   6 |  2.965e+06 
   7 |  1.342e+06 
   8 |  5.164e+05 
   9 |  2.058e+05 

z covariance matrix

10x10 matrix is as follows

     |       0    |       1    |       2    |       3    |       4    |
----------------------------------------------------------------------
   0 |       1512           0           0           0           0 
   1 |          0   6.177e+11           0           0           0 
   2 |          0           0   1.678e+13           0           0 
   3 |          0           0           0   1.119e+14           0 
   4 |          0           0           0           0   2.214e+14 
   5 |          0           0           0           0           0 
   6 |          0           0           0           0           0 
   7 |          0           0           0           0           0 
   8 |          0           0           0           0           0 
   9 |          0           0           0           0           0 


     |       5    |       6    |       7    |       8    |       9    |
----------------------------------------------------------------------
   0 |          0           0           0           0           0 
   1 |          0           0           0           0           0 
   2 |          0           0           0           0           0 
   3 |          0           0           0           0           0 
   4 |          0           0           0           0           0 
   5 |  1.261e+14           0           0           0           0 
   6 |          0   4.252e+13           0           0           0 
   7 |          0           0    9.75e+12           0           0 
   8 |          0           0           0   3.463e+11           0 
   9 |          0           0           0           0   3.373e+06 

W covariance matrix

10x10 matrix is as follows

     |       0    |       1    |       2    |       3    |       4    |
----------------------------------------------------------------------
   0 |  2.316e+14   1.506e+14   3.012e+13  -6.032e+13  -2.133e+13 
   1 |  1.506e+14   1.007e+14   2.494e+13  -3.562e+13  -1.814e+13 
   2 |  3.012e+13   2.494e+13   1.446e+13   8.936e+10  -9.802e+12 
   3 | -6.032e+13  -3.562e+13   8.936e+10    2.41e+13   4.473e+12 
   4 | -2.133e+13  -1.814e+13  -9.802e+12   4.473e+12   1.653e+13 
   5 |  2.455e+13   1.375e+13  -2.101e+12  -1.256e+13   1.535e+12 
   6 |  7.894e+12   7.586e+12   4.799e+12   -2.25e+12  -1.118e+13 
   7 | -9.562e+12  -4.501e+12   2.526e+12   5.823e+12  -4.532e+12 
   8 | -8.484e+12  -6.215e+12   -1.58e+12   4.084e+12   5.087e+12 
   9 | -2.907e+12   -3.96e+12  -3.703e+12   5.692e+11   9.712e+12 


     |       5    |       6    |       7    |       8    |       9    |
----------------------------------------------------------------------
   0 |  2.455e+13   7.894e+12  -9.562e+12  -8.484e+12  -2.907e+12 
   1 |  1.375e+13   7.586e+12  -4.501e+12  -6.215e+12   -3.96e+12 
   2 | -2.101e+12   4.799e+12   2.526e+12   -1.58e+12  -3.703e+12 
   3 | -1.256e+13   -2.25e+12   5.823e+12   4.084e+12   5.692e+11 
   4 |  1.535e+12  -1.118e+13  -4.532e+12   5.087e+12   9.712e+12 
   5 |  1.923e+13   4.144e+12  -1.231e+13  -1.037e+13  -3.293e+12 
   6 |  4.144e+12   2.692e+13   1.378e+13  -1.533e+13  -3.328e+13 
   7 | -1.231e+13   1.378e+13   4.099e+13   2.993e+13   6.905e+12 
   8 | -1.037e+13  -1.533e+13   2.993e+13   9.676e+13   1.379e+14 
   9 | -3.293e+12  -3.328e+13   6.905e+12   1.379e+14   2.549e+14 

reco covariance matrix

10x10 matrix is as follows

     |       0    |       1    |       2    |       3    |       4    |
----------------------------------------------------------------------
   0 |  3.564e+06   3.431e+06   2.249e+06  -8.062e+06  -2.901e+06 
   1 |  3.431e+06   3.398e+06   2.756e+06  -7.048e+06  -3.651e+06 
   2 |  2.249e+06   2.756e+06   5.238e+06   5.794e+04  -6.467e+06 
   3 | -8.062e+06  -7.048e+06   5.794e+04   2.797e+07   5.283e+06 
   4 | -2.901e+06  -3.651e+06  -6.467e+06   5.283e+06   1.987e+07 
   5 |  2.537e+06   2.103e+06  -1.053e+06  -1.128e+07   1.401e+06 
   6 |  4.564e+05   6.491e+05   1.346e+06   -1.13e+06  -5.711e+06 
   7 | -2.432e+05  -1.695e+05   3.116e+05   1.286e+06  -1.019e+06 
   8 | -7.894e+04   -8.56e+04  -7.129e+04     3.3e+05   4.183e+05 
   9 | -1.038e+04  -2.094e+04  -6.415e+04   1.765e+04   3.065e+05 


     |       5    |       6    |       7    |       8    |       9    |
----------------------------------------------------------------------
   0 |  2.537e+06   4.564e+05  -2.432e+05  -7.894e+04  -1.038e+04 
   1 |  2.103e+06   6.491e+05  -1.695e+05   -8.56e+04  -2.094e+04 
   2 | -1.053e+06   1.346e+06   3.116e+05  -7.129e+04  -6.415e+04 
   3 | -1.128e+07   -1.13e+06   1.286e+06     3.3e+05   1.765e+04 
   4 |  1.401e+06  -5.711e+06  -1.019e+06   4.183e+05   3.065e+05 
   5 |  1.335e+07   1.608e+06  -2.103e+06   -6.48e+05  -7.896e+04 
   6 |  1.608e+06   5.846e+06   1.317e+06  -5.357e+05  -4.464e+05 
   7 | -2.103e+06   1.317e+06   1.723e+06   4.601e+05   4.075e+04 
   8 |  -6.48e+05  -5.357e+05   4.601e+05   5.443e+05   2.977e+05 
   9 | -7.896e+04  -4.464e+05   4.075e+04   2.977e+05   2.112e+05 

0 1887.91
1 1843.24
2 2288.58
3 5289.04
4 4458.01
5 3653.1
6 2417.92
7 1312.57
8 737.74
9 459.531
 X-1: 

10x10 matrix is as follows

     |       0    |       1    |       2    |       3    |       4    |
----------------------------------------------------------------------
   0 |    7.2e-08   6.646e-08   6.082e-08   4.225e-08   2.343e-08 
   1 |  6.646e-08    6.25e-08   5.806e-08   4.308e-08   2.489e-08 
   2 |  6.082e-08   5.806e-08   5.468e-08   4.297e-08   2.662e-08 
   3 |  4.225e-08   4.308e-08   4.297e-08   4.203e-08   3.275e-08 
   4 |  2.343e-08   2.489e-08   2.662e-08   3.275e-08   3.813e-08 
   5 |  1.167e-08   1.237e-08   1.416e-08   1.999e-08   3.394e-08 
   6 |  4.725e-09   5.266e-09   6.283e-09   1.003e-08   2.245e-08 
   7 |  1.649e-09   2.021e-09   2.371e-09   4.224e-09   1.194e-08 
   8 |  4.107e-10   6.455e-10    7.83e-10   1.693e-09   5.846e-09 
   9 | -3.026e-10  -1.587e-10  -1.031e-10   3.163e-10   2.334e-09 


     |       5    |       6    |       7    |       8    |       9    |
----------------------------------------------------------------------
   0 |  1.167e-08   4.725e-09   1.649e-09   4.107e-10  -3.026e-10 
   1 |  1.237e-08   5.266e-09   2.021e-09   6.455e-10  -1.587e-10 
   2 |  1.416e-08   6.283e-09   2.371e-09    7.83e-10  -1.031e-10 
   3 |  1.999e-08   1.003e-08   4.224e-09   1.693e-09   3.163e-10 
   4 |  3.394e-08   2.245e-08   1.194e-08   5.846e-09   2.334e-09 
   5 |   4.81e-08   4.722e-08   3.241e-08   1.826e-08   8.877e-09 
   6 |  4.722e-08   7.748e-08   8.277e-08   6.085e-08   3.502e-08 
   7 |  3.241e-08   8.277e-08    1.55e-07   1.788e-07   1.318e-07 
   8 |  1.826e-08   6.085e-08   1.788e-07   3.584e-07   4.321e-07 
   9 |  8.877e-09   3.502e-08   1.318e-07   4.321e-07   1.225e-06 

 X-1Tau: 

10x10 matrix is as follows

     |       0    |       1    |       2    |       3    |       4    |
----------------------------------------------------------------------
   0 |  6.864e-08   6.461e-08   5.993e-08   4.398e-08    2.38e-08 
   1 |  6.461e-08   6.136e-08   5.741e-08    4.39e-08   2.545e-08 
   2 |  5.993e-08   5.741e-08   5.423e-08   4.327e-08   2.717e-08 
   3 |  4.398e-08    4.39e-08   4.327e-08   4.089e-08   3.281e-08 
   4 |   2.38e-08   2.545e-08   2.717e-08   3.281e-08   3.693e-08 
   5 |  1.046e-08    1.18e-08   1.391e-08   2.113e-08   3.416e-08 
   6 |  4.384e-09   4.638e-09   5.767e-09   9.865e-09   2.423e-08 
   7 |  2.418e-09   2.246e-09   2.323e-09   3.013e-09     1.2e-08 
   8 |  1.055e-09    1.36e-09   1.184e-09   1.134e-09   3.605e-09 
   9 | -9.277e-10   1.442e-10   3.308e-10   1.592e-09  -5.333e-10 


     |       5    |       6    |       7    |       8    |       9    |
----------------------------------------------------------------------
   0 |  1.046e-08   4.384e-09   2.418e-09   1.055e-09  -9.277e-10 
   1 |   1.18e-08   4.638e-09   2.246e-09    1.36e-09   1.442e-10 
   2 |  1.391e-08   5.767e-09   2.323e-09   1.184e-09   3.308e-10 
   3 |  2.113e-08   9.865e-09   3.013e-09   1.134e-09   1.592e-09 
   4 |  3.416e-08   2.423e-08     1.2e-08   3.605e-09  -5.333e-10 
   5 |   4.57e-08   4.761e-08   3.669e-08   1.938e-08   1.305e-09 
   6 |  4.761e-08   7.169e-08   8.204e-08   7.232e-08   4.756e-08 
   7 |  3.669e-08   8.204e-08   1.365e-07   1.767e-07   1.967e-07 
   8 |  1.938e-08   7.232e-08   1.767e-07   3.084e-07   4.498e-07 
   9 |  1.305e-09   4.756e-08   1.967e-07   4.498e-07   7.861e-07 

diff || X-1*XTau*X-1 - X-1|| < tau

10x10 matrix is as follows

     |       0    |       1    |       2    |       3    |       4    |
----------------------------------------------------------------------
   0 | -3.362e-09  -1.849e-09  -8.847e-10   1.727e-09   3.667e-10 
   1 | -1.849e-09  -1.142e-09  -6.507e-10   8.218e-10   5.547e-10 
   2 | -8.847e-10  -6.507e-10  -4.574e-10   2.991e-10   5.454e-10 
   3 |  1.727e-09   8.218e-10   2.991e-10  -1.146e-09    6.19e-11 
   4 |  3.667e-10   5.547e-10   5.454e-10    6.19e-11  -1.206e-09 
   5 | -1.204e-09   -5.74e-10  -2.495e-10   1.142e-09   2.277e-10 
   6 | -3.409e-10  -6.287e-10  -5.163e-10  -1.641e-10    1.78e-09 
   7 |  7.698e-10   2.243e-10  -4.815e-11  -1.211e-09   5.736e-11 
   8 |   6.44e-10   7.144e-10   4.012e-10   -5.59e-10   -2.24e-09 
   9 | -6.251e-10   3.028e-10   4.339e-10   1.276e-09  -2.867e-09 


     |       5    |       6    |       7    |       8    |       9    |
----------------------------------------------------------------------
   0 | -1.204e-09  -3.409e-10   7.698e-10    6.44e-10  -6.251e-10 
   1 |  -5.74e-10  -6.287e-10   2.243e-10   7.144e-10   3.028e-10 
   2 | -2.495e-10  -5.163e-10  -4.815e-11   4.012e-10   4.339e-10 
   3 |  1.142e-09  -1.641e-10  -1.211e-09   -5.59e-10   1.276e-09 
   4 |  2.277e-10    1.78e-09   5.736e-11   -2.24e-09  -2.867e-09 
   5 |   -2.4e-09   3.869e-10   4.279e-09   1.119e-09  -7.571e-09 
   6 |  3.869e-10  -5.797e-09  -7.245e-10   1.147e-08   1.254e-08 
   7 |  4.279e-09  -7.245e-10  -1.854e-08  -2.128e-09   6.491e-08 
   8 |  1.119e-09   1.147e-08  -2.128e-09  -4.992e-08   1.772e-08 
   9 | -7.571e-09   1.254e-08   6.491e-08   1.772e-08  -4.392e-07 

determinant: 7.16477e-102
(int)1

This is the end of ROOT -- Goodbye

